96130300
96130200
96130100
96120400
96120300
96120200
96120100
96110600
96110500
96110400
96110300
96110200
96110100
96100400
96100300
96100200
96100100
96090500
96090400
96090300
96090200
96090100
96080600
96080500
96080400
96080300
96080200
96080100
96070600
96070500
96070400
96070300
96070200
96070100
96060900
96060800
96060700
96060600
96060500
96060400
96060300
96060200
96060100
96051000
96050900
96050800
96050700
96050600
96050200
96050100
96040600
96040500
96040400
96040300
96040200
96040100
96030600
96030500
96030400
96030300
96030200
96030100
96020800
96020700
96020600
96020500
96020400
96020300
96020200
96020100
96010700
96010600
96010500
96010400
96010300
96010200
96010100
95080400
95080300
95080200
95080100
95070200
95070100
95061600
95061500
95061400
95061300
95061200
95061100
95061000
95060900
95060800
95060700
95060600
95060500
95060400
95060300
95060200
95060100
95050800
95050700
95050600
95050400
95050300
95050200
95050100
95040400
95040300
95040200
95040100
95030600
95030500
95030400
95030300
95030200
95030100
95020500
95020400
95020300
95020200
95020100
95011800
95011600
95011500
95011400
95011200
95011100
95011000
95010900
95010800
95010600
95010400
95010300
95010200
95010100
94120300
94120200
94120100
94110300
94110200
94110100
94101200
94101100
94101000
94100900
94100800
94100700
94100600
94100500
94100400
94100300
94100200
94100100
94091800
94091700
94091600
94091500
94091400
94091300
94091200
94091100
94091000
94090900
94090800
94090700
94090600
94090500
94090400
94090300
94090200
94090100
94080400
94080300
94080200
94080100
94071100
94071000
94070900
94070800
94070700
94070600
94070500
94070400
94070300
94070200
94070100
94060400
94060300
94060200
94060100
94051300
94051200
94051100
94051000
94050900
94050800
94050700
94050600
94050500
94050400
94050300
94050200
94050100
94041000
94040900
94040800
94040700
94040600
94040500
94040400
94040300
94040200
94040100
94031200
94031100
94031000
94030900
94030800
94030700
94030600
94030500
94030400
94030300
94030200
94030100
94021500
94021400
94021300
94021100
94020800
94020700
94020600
94020500
94020400
94020300
94020200
94020100
94011300
94011200
94011100
94011000
94010900
94010800
94010700
94010600
94010500
94010400
94010300
94010200
94010100
93110400
93110300
93110200
93110100
93100400
93100300
93100200
93100100
93090300
93090200
93090100
93080600
93080400
93080300
93080200
93080100
93070300
93070200
93070100
93060700
93060600
93060500
93060400
93060300
93060200
93060100
93051600
93051300
93051200
93051100
93051000
93050900
93050800
93050600
93050500
93050400
93050200
93050100
93040300
93040200
93040100
93030700
93030600
93030500
93030200
93030100
93020500
93020400
93020300
93020200
93020100
93011500
93011400
93011300
93011200
93011100
93011000
93010900
93010800
93010700
93010600
93010500
93010400
93010300
93010100
92100300
92100200
92100100
92090500
92090400
92090300
92090200
92090100
92080600
92080500
92080400
92080300
92080200
92080100
92070500
92070400
92070300
92070200
92070100
92062100
92062000
92061900
92061700
92061600
92061500
92061400
92061100
92061000
92060900
92060800
92060700
92060600
92060500
92060200
92060100
92050500
92050400
92050300
92050200
92050100
92041300
92041200
92041100
92041000
92040900
92040700
92040400
92040300
92040200
92040100
92030800
92030700
92030600
92030500
92030400
92030300
92030200
92030100
92021400
92021300
92021200
92021100
92021000
92020900
92020800
92020700
92020600
92020500
92020400
92020300
92020200
92020100
92012000
92011900
92011800
92011700
92011500
92011400
92011300
92011000
92010900
92010800
92010700
92010600
92010500
92010400
92010100
91070200
91070100
91060500
91060400
91060300
91060200
91060100
91050600
91050500
91050400
91050300
91050200
91050100
91040400
91040300
91040200
91040100
91030300
91030200
91030100
91020400
91020300
91020200
91020100
91011200
91011100
91011000
91010900
91010800
91010700
91010600
91010500
91010400
91010300
91010200
91010100
90160400
90160300
90160200
90160100
90151100
90151000
90150900
90150800
90150700
90150600
90150500
90150400
90150300
90150200
90150100
90140400
90140300
90140200
90140100
90130400
90130300
90130200
90130100
90120400
90120300
90120200
90120100
90111800
90111600
90111400
90111300
90111200
90111100
90110800
90110700
90110500
90110400
90110300
90110200
90110100
90100900
90100800
90100700
90100600
90100500
90100400
90100300
90100200
90100100
90090900
90090400
90090300
90090200
90090100
90080400
90080300
90080200
90080100
90071200
90071100
90071000
90070900
90070800
90070700
90070600
90070500
90070400
90070300
90070200
90070100
90060900
90060800
90060700
90060600
90060500
90060400
90060300
90060200
90060100
90050700
90050600
90050500
90050400
90050300
90050200
90050100
90041000
90040900
90040800
90040700
90040600
90040500
90040400
90040300
90040200
90040100
90031400
90031300
90031200
90031100
90031000
90030900
90030800
90030700
90030600
90030500
90030400
90030300
90030200
90030100
90021100
90021000
90020900
90020800
90020700
90020600
90020500
90020400
90020300
90020200
90020100
90010600
90010500
90010400
90010300
90010200
90010100
86080400
86080300
86080200
86080100
86071100
86071000
86070900
86070800
86070700
86070600
86070500
86070400
86070300
86070200
86070100
86060400
86060300
86060200
86060100
86050400
86050300
86050200
86050100
86041300
86041200
86041100
86041000
86040900
86040800
86040700
86040600
86040500
86040400
86040300
86040200
86040100
86030700
86030600
86030500
86030400
86030300
86030200
86030100
86021000
86020900
86020800
86020700
86020600
86020500
86020400
86020300
86020200
86020100
86011700
86011600
86011500
86011400
86011300
86011200
86011100
86011000
86010900
86010800
86010700
86010600
86010500
86010400
86010300
86010200
86010100
85050200
85050100
85040700
85040600
85040500
85040400
85040300
85040200
85040100
85030500
85030400
85030300
85030200
85030100
85020700
85020600
85020500
85020400
85020300
85020200
85020100
85010900
85010800
85010700
85010600
85010500
85010400
85010300
85010200
85010100
84190200
84190100
84180400
84180300
84180200
84180100
84171600
84171500
84171400
84171300
84171200
84171100
84171000
84170900
84170800
84170700
84170600
84170500
84170400
84170300
84170200
84170100
84160700
84160600
84160500
84160400
84160300
84160200
84160100
84150500
84150400
84150300
84150200
84150100
84140500
84140400
84140300
84140200
84140100
84130400
84130300
84130200
84130100
84121100
84121000
84120900
84120800
84120700
84120600
84120500
84120400
84120300
84120200
84120100
84110600
84110500
84110400
84110300
84110200
84110100
84100600
84100500
84100400
84100300
84100200
84100100
84090400
84090300
84090200
84090100
84081000
84080900
84080800
84080700
84080600
84080300
84080200
84080100
84070600
84070500
84070400
84070300
84070200
84070100
84060900
84060800
84060700
84060600
84060500
84060400
84060300
84060200
84060100
84050300
84050200
84050100
84040700
84040600
84040500
84040400
84040300
84040200
84040100
84030400
84030300
84030200
84030100
84021300
84021200
84021100
84021000
84020900
84020800
84020700
84020600
84020500
84020400
84020300
84020200
84020100
84011100
84011000
84010900
84010800
84010700
84010600
84010500
84010400
84010300
84010200
84010100
83030600
83030500
83030400
83030300
83030200
83030100
83020300
83020200
83020100
83010800
83010700
83010600
83010500
83010400
83010300
83010200
83010100
82080600
82080500
82080400
82080300
82080200
82080100
82070600
82070500
82070400
82070300
82070200
82070100
82060500
82060300
82060200
82060100
82050800
82050700
82050600
82050500
82050400
82050300
82050200
82050100
82040700
82040600
82040500
82040400
82040300
82040200
82040100
82030500
82030400
82030300
82030200
82030100
82020300
82020200
82020100
82010900
82010800
82010700
82010600
82010500
82010400
82010300
82010200
82010100
81080800
81080700
81080600
81080500
81080400
81080300
81080200
81080100
81070400
81070300
81070200
81070100
81060400
81060300
81060200
81060100
81050900
81050800
81050700
81050600
81050500
81050400
81050300
81050200
81050100
81040700
81040600
81040500
81040400
81040300
81040200
81040100
81030500
81030400
81030300
81030200
81030100
81020600
81020500
81020400
81020300
81020200
81020100
81011800
81011700
81011600
81011500
81011100
81010600
81010500
81010300
81010200
81010100
80230400
80230300
80230200
80230100
80220300
80220200
80220100
80210400
80210300
80210200
80210100
80200400
80200300
80200200
80200100
80190600
80190500
80190400
80190300
80190200
80190100
80180300
80180200
80180100
80170400
80170300
80170200
80170100
80161100
80161000
80160900
80160800
80160700
80160600
80160500
80160400
80160300
80160200
80160100
80150300
80150200
80150100
80140900
80140800
80140700
80140600
80140500
80140400
80140300
80140200
80140100
80130600
80130500
80130400
80130300
80130200
80130100
80121800
80121700
80121600
80121500
80121400
80121300
80121200
80121100
80121000
80120900
80120800
80120700
80120600
80120500
80120400
80120300
80120200
80120100
80110700
80110600
80110500
80110400
80110300
80110200
80110100
80100300
80100200
80100100
80091300
80091200
80091100
80091000
80090900
80090800
80090700
80090600
80090500
80090400
80090300
80090200
80090100
80081300
80081100
80081000
80080900
80080700
80080600
80080400
80080300
80080200
80080100
80071100
80071000
80070900
80070800
80070700
80070600
80070500
80070400
80070300
80070200
80070100
80061300
80061200
80061100
80061000
80060700
80060600
80060500
80060400
80060300
80060100
80050500
80050400
80050300
80050200
80050100
80041600
80041500
80041000
80040900
80040700
80040600
80040500
80040400
80040300
80040100
80030500
80030400
80030300
80030200
80030100
80020500
80020400
80020300
80020200
80020100
80012200
80012100
80012000
80011900
80011800
80011600
80011500
80011400
80011300
80011200
80010800
80010700
80010600
80010300
80010200
80010100
77080500
77080400
77080300
77080200
77080100
77070700
77070600
77070500
77070400
77070300
77070200
77070100
77060900
77060800
77060700
77060400
77060200
77060100
77050500
77050400
77050300
77050200
77050100
77040700
77040600
77040500
77040400
77040300
77040200
77040100
77030600
77030500
77030400
77030300
77030200
77030100
77020700
77020600
77020400
77020300
77020200
77020100
77010600
77010500
77010400
77010300
77010200
77010100
76080600
76080500
76080400
76080300
76080200
76080100
76071000
76070900
76070800
76070700
76070600
76070500
76070400
76070300
76070200
76070100
76061800
76061700
76061600
76061500
76061400
76061300
76061200
76061100
76061000
76060900
76060800
76060700
76060600
76060500
76060400
76060300
76060200
76060100
76051500
76051400
76051300
76051200
76051100
76050700
76050600
76050500
76050400
76050300
76050200
76050100
76040900
76040800
76040700
76040600
76040500
76040400
76040300
76040200
76040100
76030400
76030300
76030200
76030100
76021000
76020900
76020800
76020700
76020600
76020500
76020400
76020300
76020200
76020100
76012400
76012300
76012200
76012100
76012000
76011900
76011800
76011700
76011600
76011500
76011400
76011300
76011200
76011100
76011000
76010900
76010800
76010700
76010600
76010500
76010400
76010300
76010200
76010100
75031200
75031100
75031000
75030900
75030800
75030700
75030600
75030500
75030400
75030300
75030200
75030100
75021300
75021200
75021100
75021000
75020900
75020800
75020700
75020600
75020500
75020400
75020300
75020200
75020100
75011100
75011000
75010900
75010800
75010700
75010600
75010500
75010400
75010300
75010200
75010100
74031200
74031100
74031000
74030900
74030800
74030700
74030600
74030500
74030400
74030300
74030200
74030100
74021000
74020900
74020800
74020700
74020600
74020500
74020400
74020300
74020200
74020100
74011800
74011700
74011600
74011500
74011400
74011300
74011200
74011100
74011000
74010900
74010800
74010700
74010600
74010500
74010400
74010300
74010200
74010100
73070300
73070200
73070100
73061600
73061500
73061400
73061300
73061200
73061100
73061000
73060900
73060800
73060700
73060600
73060500
73060400
73060300
73060200
73060100
73051500
73051400
73051300
73051200
73051100
73051000
73050900
73050800
73050700
73050600
73050500
73050400
73050300
73050200
73050100
73040800
73040700
73040600
73040500
73040400
73040300
73040200
73040100
73032400
73032300
73032200
73032100
73032000
73031900
73031800
73031700
73031600
73031500
73031400
73031300
73031200
73031100
73031000
73030900
73030800
73030700
73030600
73030500
73030400
73030300
73030200
73030100
73021500
73021400
73021300
73021200
73021100
73021000
73020900
73020800
73020700
73020600
73020500
73020400
73020300
73020200
73020100
73012500
73012400
73012300
73012200
73012100
73012000
73011900
73011800
73011700
73011600
73011500
73011400
73011300
73011200
73011100
73011000
73010900
73010800
73010700
73010600
73010500
73010400
73010300
73010200
73010100
72100600
72100500
72100400
72100300
72100200
72100100
72091300
72091200
72091100
72091000
72090900
72090800
72090700
72090600
72090500
72090400
72090300
72090200
72090100
72080700
72080600
72080500
72080400
72080300
72080200
72080100
72071500
72071400
72071300
72071200
72071100
72071000
72070900
72070800
72070700
72070600
72070500
72070400
72070300
72070200
72070100
72060500
72060400
72060300
72060200
72060100
72050900
72050800
72050700
72050600
72050500
72050400
72050300
72050200
72050100
72041400
72041300
72041200
72041100
72041000
72040900
72040800
72040700
72040600
72040500
72040400
72040300
72040200
72040100
72030700
72030600
72030500
72030400
72030300
72030200
72030100
72021400
72021300
72021200
72021100
72021000
72020900
72020800
72020700
72020600
72020500
72020400
72020300
72020200
72020100
72012000
72011900
72011800
72011700
72011600
72011500
72011400
72011300
72011200
72011100
72011000
72010900
72010800
72010700
72010600
72010500
72010400
72010300
72010200
72010100
71130400
71130300
71130200
71130100
71120300
71120200
71120100
71110400
71110300
71110200
71110100
71100700
71100600
71100500
71100400
71100300
71100200
71100100
71091200
71091100
71090600
71090500
71090400
71090300
71090200
71090100
71080300
71080200
71080100
71070700
71070600
71070500
71070400
71070300
71070200
71070100
71061300
71061200
71061100
71061000
71060900
71060800
71060700
71060600
71060500
71060400
71060300
71060200
71060100
71051700
71051600
71051500
71051400
71051300
71051200
71051100
71051000
71050900
71050800
71050700
71050600
71050500
71050400
71050300
71050200
71050100
71040600
71040500
71040400
71040300
71040200
71040100
71030900
71030800
71030500
71030300
71030200
71030100
71020700
71020600
71020500
71020400
71020300
71020200
71020100
71011600
71011300
71011100
71011000
71010900
71010800
71010700
71010600
71010500
71010400
71010300
71010200
71010100
70100300
70100200
70100100
70090300
70090200
70090100
70081200
70081100
70081000
70080900
70080800
70080700
70080600
70080500
70080400
70080300
70080200
70080100
70071900
70071800
70071700
70071600
70071500
70071400
70071300
70071200
70071100
70071000
70070900
70070800
70070700
70070600
70070500
70070400
70070300
70070200
70070100
70060700
70060600
70060500
70060400
70060300
70060200
70060100
70051500
70051400
70051300
70051200
70051100
70051000
70050900
70050800
70050700
70050600
70050500
70050400
70050300
70050200
70050100
70041300
70041200
70041100
70041000
70040900
70040800
70040700
70040600
70040500
70040400
70040300
70040200
70040100
70030700
70030400
70030200
70030100
70020600
70020500
70020400
70020300
70020200
70020100
70012200
70012100
70012000
70011900
70011800
70011700
70011600
70011500
70011400
70011300
70011200
70011100
70011000
70010900
70010800
70010700
70010600
70010500
70010400
70010300
70010200
70010100
67110700
67110600
67110500
67110400
67110300
67110200
67110100
67100500
67100400
67100300
67100200
67100100
67090400
67090300
67090200
67090100
67080900
67080800
67080700
67080600
67080500
67080400
67080300
67080200
67080100
67071300
67071200
67071100
67071000
67070900
67070800
67070700
67070600
67070500
67070400
67070300
67070200
67070100
67060700
67060600
67060500
67060400
67060300
67060200
67060100
67051400
67051300
67051200
67051100
67051000
67050900
67050800
67050700
67050600
67050500
67050400
67050300
67050200
67050100
67040900
67040800
67040700
67040600
67040500
67040400
67040300
67040200
67040100
67032300
67032200
67032100
67032000
67031900
67031800
67031700
67031600
67031500
67031400
67031300
67031200
67031100
67031000
67030900
67030800
67030700
67030600
67030500
67030400
67030300
67030200
67030100
67021000
67020900
67020800
67020600
67020500
67020400
67020300
67020200
67020100
67011700
67011600
67011500
67011400
67011300
67011200
67011100
67011000
67010900
67010800
67010700
67010600
67010500
67010400
67010300
67010200
67010100
66120400
66120300
66120200
66120100
66110500
66110400
66110300
66110200
66110100
66100500
66100400
66100300
66100200
66100100
66090500
66090400
66090300
66090200
66090100
66080400
66080300
66080200
66080100
66070700
66070600
66070300
66070200
66070100
66061300
66061200
66061100
66060800
66060700
66060600
66060500
66060400
66060300
66060200
66060100
66051400
66050900
66050800
66050700
66050600
66050500
66050400
66050300
66050200
66050100
66041300
66041200
66041100
66041000
66040900
66040800
66040700
66040600
66040500
66040400
66040300
66040200
66040100
66030700
66030600
66030500
66030400
66030300
66030200
66030100
66020400
66020300
66020200
66020100
66012000
66011900
66011500
66011300
66011200
66011100
66011000
66010900
66010800
66010700
66010600
66010500
66010400
66010300
66010200
66010100
65090700
65090600
65090500
65090400
65090300
65090200
65090100
65081100
65081000
65080900
65080800
65080700
65080600
65080500
65080400
65080300
65080200
65080100
65070600
65070500
65070400
65070300
65070200
65070100
65061200
65061100
65061000
65060900
65060800
65060700
65060600
65060500
65060400
65060300
65060200
65060100
65050900
65050800
65050700
65050600
65050500
65050400
65050300
65050200
65050100
65041100
65041000
65040900
65040800
65040700
65040600
65040500
65040400
65040300
65040200
65040100
65030600
65030500
65030400
65030300
65030200
65030100
65021100
65021000
65020900
65020800
65020700
65020600
65020500
65020400
65020300
65020200
65020100
65012000
65011900
65011800
65011700
65011600
65011500
65011400
65011300
65011200
65011100
65011000
65010900
65010800
65010700
65010600
65010500
65010400
65010300
65010200
65010100
64090500
64090400
64090300
64090200
64090100
64080500
64080400
64080300
64080200
64080100
64071400
64071300
64071200
64071100
64071000
64070900
64070800
64070700
64070600
64070500
64070400
64070300
64070200
64070100
64061300
64061200
64061100
64061000
64060900
64060800
64060700
64060600
64060500
64060400
64060300
64060200
64060100
64051100
64051000
64050900
64050800
64050700
64050600
64050500
64050400
64050300
64050200
64050100
64041100
64041000
64040900
64040800
64040700
64040600
64040500
64040400
64040300
64040200
64040100
64031000
64030900
64030800
64030700
64030600
64030500
64030400
64030300
64030200
64030100
64020700
64020600
64020500
64020400
64020300
64020200
64020100
64011000
64010900
64010800
64010700
64010600
64010500
64010400
64010300
64010200
64010100
63090300
63090200
63090100
63080600
63080500
63080400
63080300
63080200
63080100
63070500
63070400
63070300
63070200
63070100
63061000
63060900
63060800
63060700
63060600
63060500
63060400
63060300
63060200
63060100
63050600
63050500
63050400
63050300
63050200
63050100
63040600
63040500
63040400
63040300
63040200
63040100
63030600
63030500
63030400
63030300
63030200
63030100
63020700
63020600
63020500
63020400
63020300
63020200
63020100
63011500
63011400
63011300
63011200
63011100
63010900
63010800
63010700
63010600
63010500
63010400
63010300
63010200
63010100
62110300
62110200
62110100
62100400
62100300
62100200
62100100
62090300
62090200
62090100
62080300
62080200
62080100
62070700
62070600
62070500
62070400
62070300
62070200
62070100
62061000
62060900
62060800
62060700
62060600
62060500
62060400
62060300
62060200
62060100
62051600
62051300
62050900
62050800
62050700
62050600
62050500
62050400
62050200
62050100
62041300
62041200
62041100
62041000
62040900
62040800
62040700
62040600
62040500
62040400
62040300
62030400
62030300
62030200
62030100
62020700
62020600
62020500
62020400
62020300
62020200
62020100
62011900
62011800
62011700
62011500
62011400
62011300
62011200
62011100
62011000
62010700
62010600
62010500
62010400
62010300
62010200
62010100
61080300
61080200
61080100
61070600
61070500
61070400
61070300
61070200
61070100
61061400
61061300
61061200
61061100
61061000
61060900
61060700
61060600
61060500
61060400
61060300
61060200
61060100
61050900
61050800
61050700
61050600
61050500
61050400
61050300
61050200
61050100
61041000
61040900
61040800
61040700
61040600
61040500
61040400
61040300
61040200
61040100
61030500
61030400
61030300
61030200
61030100
61021000
61020900
61020800
61020700
61020600
61020500
61020400
61020300
61020200
61020100
61011400
61011300
61011200
61011100
61011000
61010900
61010800
61010700
61010600
61010500
61010400
61010300
61010200
61010100
60150200
60150100
60140100
60130500
60130400
60130300
60130100
60120700
60120600
60120500
60120400
60120300
60120200
60120100
60111700
60111600
60111000
60110900
60110800
60110700
60110600
60110500
60110400
60110300
60110200
60110100
60101100
60101000
60100900
60100800
60100700
60100600
60100500
60100400
60100300
60100200
60100100
60090800
60090700
60090600
60090500
60090400
60090300
60090200
60090100
60081000
60080900
60080800
60080700
60080600
60080500
60080400
60080300
60080200
60080100
60071000
60070900
60070800
60070700
60070600
60070500
60070400
60070300
60070200
60070100
60060500
60060400
60060300
60060200
60060100
60051300
60051200
60051100
60051000
60050900
60050800
60050700
60050600
60050500
60050400
60050300
60050200
60050100
60040900
60040800
60040700
60040600
60040500
60040400
60040300
60040200
60040100
60031200
60031100
60031000
60030900
60030800
60030700
60030600
60030500
60030400
60030300
60030200
60030100
60020900
60020800
60020700
60020600
60020500
60020400
60020300
60020200
60020100
60011700
60011600
60011500
60011400
60011300
60011200
60011100
60011000
60010900
60010800
60010700
60010600
60010500
60010400
60010300
60010200
60010100
58070400
58070300
58070200
58070100
58060600
58060500
58060400
58060300
58060200
58060100
58050800
58050700
58050600
58050500
58050400
58050300
58050200
58050100
58040800
58040600
58040500
58040400
58040300
58040200
58040100
58030700
58030600
58030500
58030400
58030300
58030200
58030100
58020600
58020500
58020400
58020300
58020200
58020100
58010900
58010600
58010500
58010400
58010300
58010200
58010100
57180300
57180200
57180100
57170300
57170200
57170100
57160500
57160400
57160300
57160200
57160100
57150400
57150300
57150200
57150100
57140300
57140200
57140100
57130400
57130300
57130200
57130100
57120500
57120400
57120300
57120200
57120100
57110700
57110600
57110500
57110400
57110300
57110200
57110100
57100700
57100600
57100500
57100400
57100300
57100200
57100100
57090900
57090800
57090600
57090500
57090400
57090300
57090200
57090100
57080600
57080500
57080400
57080300
57080200
57080100
57071300
57071200
57071100
57071000
57070800
57070600
57070500
57070400
57070300
57070200
57070100
57060600
57060500
57060300
57060200
57060100
57051500
57051400
57051300
57051200
57051100
57051000
57050900
57050800
57050700
57050600
57050500
57050400
57050300
57050200
57050100
57041300
57041200
57041100
57041000
57040900
57040500
57040400
57040300
57040200
57040100
57031000
57030800
57030500
57030400
57030300
57030200
57030100
57020800
57020600
57020400
57020300
57020200
57012100
57012000
57011800
57011600
57011500
57011400
57011300
57011200
57011100
57010700
57010600
57010500
57010400
57010300
57010200
57010100
56090300
56090200
56090100
56080500
56080400
56080300
56080200
56080100
56070600
56070500
56070400
56070300
56070200
56070100
56060700
56060600
56060500
56060400
56060300
56060200
56060100
56051200
56051100
56051000
56050900
56050800
56050700
56050600
56050500
56050400
56050300
56050200
56050100
56040300
56040200
56040100
56031400
56031300
56031200
56031100
56031000
56030900
56030800
56030700
56030600
56030100
56020700
56020600
56020500
56020400
56020300
56020200
56020100
56011800
56011600
56011500
56011400
56011300
56011200
56011100
56011000
56010800
56010700
56010600
56010500
56010400
56010200
56010100
55150200
55150100
55140700
55140600
55140500
55140400
55140300
55140200
55140100
55130300
55130200
55130100
55120500
55120400
55120200
55120100
55110300
55110200
55110100
55100400
55100300
55100200
55100100
55090900
55090800
55090400
55090300
55090200
55090100
55080400
55080300
55080200
55080100
55071700
55071600
55071500
55071400
55071300
55071200
55071100
55071000
55070900
55070800
55070700
55070600
55070500
55070400
55070300
55070200
55070100
55061000
55060900
55060800
55060700
55060600
55060500
55060400
55060300
55060200
55060100
55051400
55051300
55051200
55051100
55051000
55050900
55050600
55050500
55050400
55050300
55050200
55050100
55040700
55040600
55040500
55040400
55040300
55040200
55040100
55030400
55030300
55030200
55030100
55020600
55020500
55020400
55020300
55020200
55011700
55011600
55010900
55010800
55010700
55010600
55010500
55010400
55010300
55010200
55010100
54080600
54080500
54080400
54080300
54080200
54080100
54070700
54070600
54070500
54070400
54070300
54070200
54070100
54060800
54060700
54060600
54060500
54060400
54060300
54060200
54060100
54050500
54050400
54050300
54050200
54050100
54041200
54041100
54041000
54040900
54040800
54040700
54040600
54040500
54040400
54040300
54040200
54040100
54030900
54030800
54030700
54030600
54030500
54030400
54030300
54030200
54030100
54021500
54021400
54021300
54021000
54020900
54020800
54020700
54020600
54020500
54020400
54020100
54012000
54011900
54011800
54011700
54011600
54011500
54011400
54011300
54011200
54011100
54011000
54010900
54010800
54010700
54010600
54010500
54010400
54010300
54010200
54010100
53090400
53090300
53090200
53090100
53080800
53080700
53080600
53080500
53080400
53080300
53080200
53080100
53071100
53071000
53070900
53070800
53070700
53070600
53070500
53070400
53070300
53070200
53070100
53060400
53060300
53060200
53060100
53050400
53050300
53050200
53050100
53040700
53040600
53040500
53040400
53040300
53040200
53040100
53030800
53030700
53030500
53030400
53030300
53030200
53030100
53020500
53020400
53020300
53020200
53020100
53011700
53011600
53011500
53011400
53011300
53011200
53011100
53011000
53010900
53010800
53010700
53010600
53010500
53010400
53010300
53010200
53010100
52130500
52130400
52130300
52130200
52130100
52120700
52120600
52120500
52120400
52120300
52120200
52120100
52110400
52110300
52110200
52110100
52101100
52101000
52100800
52100700
52100600
52100500
52100400
52100300
52100200
52100100
52090400
52090300
52090200
52090100
52080800
52080700
52080600
52080500
52080400
52080300
52080200
52080100
52070800
52070700
52070600
52070500
52070400
52070300
52070200
52070100
52060700
52060600
52060500
52060400
52060300
52060200
52060100
52051000
52050900
52050800
52050700
52050600
52050500
52050400
52050300
52050200
52050100
52040400
52040300
52040200
52040100
52030900
52030800
52030700
52030600
52030500
52030400
52030300
52030200
52030100
52020500
52020400
52020300
52020200
52020100
52011900
52011800
52011700
52011600
52011500
52011400
52011300
52011200
52011100
52011000
52010900
52010800
52010700
52010600
52010500
52010400
52010300
52010200
52010100
51080300
51080200
51080100
51070200
51070100
51061100
51060800
51060700
51060600
51060500
51060400
51060300
51060200
51060100
51050300
51050200
51050100
51040900
51040800
51040600
51040500
51040400
51040300
51040200
51040100
51030500
51030400
51030300
51030200
51030100
51020600
51020500
51020400
51020300
51020200
51020100
51011700
51011600
51011300
51011200
51011100
51011000
51010900
51010800
51010700
51010600
51010500
51010400
51010300
51010200
51010100
50250300
50250200
50250100
50240400
50240300
50240200
50240100
50230600
50230500
50230400
50230300
50230200
50230100
50220500
50220400
50220300
50220200
50220100
50210400
50210300
50210200
50210100
50200300
50200200
50200100
50191200
50191100
50191000
50190900
50190800
50190700
50190600
50190500
50190400
50190300
50190200
50190100
50180600
50180500
50180400
50180300
50180200
50180100
50170600
50170500
50170400
50170300
50170200
50170100
50160600
50160500
50160400
50160300
50160200
50160100
50151100
50151000
50150900
50150800
50150700
50150600
50150500
50150400
50150300
50150200
50150100
50141200
50141100
50141000
50140900
50140800
50140700
50140600
50140500
50140400
50140300
50140200
50140100
50131300
50131200
50131100
50131000
50130600
50130500
50130400
50130300
50130200
50130100
50121500
50121400
50121000
50120800
50120700
50120600
50120500
50120400
50120300
50120200
50120100
50111100
50111000
50110900
50110800
50110700
50110600
50110500
50110400
50110300
50110200
50110100
50100700
50100600
50100500
50100400
50100300
50100200
50100100
50091200
50091100
50091000
50090600
50090500
50090400
50090300
50090100
50080500
50080400
50080300
50080200
50080100
50071100
50071000
50070900
50070800
50070700
50070600
50070500
50070400
50070300
50070200
50070100
50061300
50061200
50061100
50061000
50060900
50060800
50060700
50060600
50060500
50060400
50060300
50060200
50060100
50051400
50051300
50051200
50051100
50051000
50050900
50050800
50050700
50050600
50050500
50050400
50050300
50050200
50050100
50040700
50040600
50040500
50040400
50040300
50040200
50040100
50030800
50030700
50030500
50030400
50030300
50030200
50030100
50020900
50020700
50020600
50020500
50020400
50020300
50011600
50011500
50011400
50011300
50011200
50011100
50011000
50010900
50010800
50010700
50010600
50010500
50010400
50010300
50010200
50010100
49070600
49070500
49070400
49070300
49070200
49070100
49060500
49060400
49060300
49060200
49060100
49051400
49051200
49051100
49050800
49050700
49050600
49050500
49050400
49050300
49040600
49040500
49040400
49040300
49040200
49040100
49030700
49030600
49030500
49030400
49030300
49030200
49030100
49020700
49020600
49020500
49020400
49020300
49020200
49020100
49011300
49011200
49011100
49011000
49010900
49010800
49010700
49010600
49010500
49010400
49010300
49010200
49010100
48120400
48120300
48120200
48120100
48110300
48110200
48110100
48100700
48100600
48100500
48100400
48100300
48100200
48100100
48090600
48090500
48090400
48090300
48090200
48090100
48080900
48080800
48080700
48080600
48080500
48080400
48080300
48080200
48080100
48071500
48071300
48071200
48070900
48070800
48070700
48070600
48070500
48070400
48070300
48070200
48070100
48060900
48060800
48060700
48060500
48060400
48060300
48060200
48060100
48051200
48051100
48051000
48050900
48050800
48050700
48050600
48050500
48050400
48050300
48050200
48050100
48040900
48040800
48040400
48040300
48040200
48040100
48031400
48031200
48031100
48030600
48030500
48030400
48030300
48030200
48030100
48020800
48020700
48020600
48020500
48020400
48020300
48020200
48020100
48011500
48011400
48011300
48011200
48011100
48011000
48010900
48010800
48010700
48010600
48010500
48010400
48010300
48010200
48010100
47180400
47180300
47180200
47180100
47170500
47170400
47170300
47170200
47170100
47160500
47160400
47160300
47160200
47160100
47150400
47150300
47150200
47150100
47140400
47140300
47140200
47140100
47130400
47130300
47130200
47130100
47122100
47122000
47121700
47121600
47121500
47121400
47121300
47121200
47121100
47121000
47120800
47120700
47120600
47120400
47120300
47120100
47110800
47110700
47110600
47110500
47110400
47110300
47110200
47110100
47100900
47100800
47100700
47100600
47100500
47100400
47100300
47100200
47100100
47090400
47090300
47090200
47090100
47081400
47081300
47081200
47081100
47081000
47080900
47080800
47080700
47080600
47080500
47080400
47080300
47080200
47080100
47070400
47070300
47070200
47070100
47060500
47060400
47060300
47060200
47060100
47050500
47050400
47050300
47050200
47050100
47041000
47040900
47040800
47040700
47040600
47040500
47040400
47040300
47040200
47040100
47030500
47030300
47030100
47020500
47020400
47020300
47020200
47020100
47012100
47012000
47011800
47011700
47011600
47011500
47011300
47011200
47011100
47010900
47010700
47010600
47010400
47010300
47010200
47010100
46180500
46180400
46180300
46180200
46180100
46170500
46170400
46170300
46170200
46170100
46160500
46160400
46160300
46160200
46160100
46150400
46150300
46150200
46150100
46140400
46140300
46140200
46140100
46130800
46130700
46130600
46130500
46130400
46130300
46130200
46130100
46120900
46120800
46120700
46120600
46120500
46120400
46120300
46120200
46120100
46110600
46110500
46110400
46110300
46110200
46110100
46100900
46100700
46100600
46100500
46100200
46100100
46090800
46090700
46090600
46090500
46090400
46090300
46090200
46090100
46080900
46080800
46080700
46080600
46080500
46080400
46080300
46080200
46080100
46071500
46071400
46071300
46071200
46071100
46071000
46070900
46070800
46070700
46070600
46070500
46070400
46070300
46070200
46070100
46061100
46060800
46060600
46060300
46060200
46060100
46051200
46051100
46051000
46050900
46050800
46050700
46050600
46050500
46050400
46050300
46050200
46050100
46040300
46040200
46040100
46031100
46031000
46030800
46030500
46030400
46030300
46030200
46030100
46020500
46020400
46020300
46020200
46020100
46012100
46012000
46011900
46011700
46011600
46011500
46011300
46011100
46010900
46010800
46010700
46010600
46010500
46010400
46010300
46010200
46010100
45200500
45200400
45200300
45200200
45200100
45190400
45190300
45190200
45190100
45180600
45180500
45180400
45180300
45180200
45180100
45170800
45170700
45170600
45170500
45170400
45170300
45170200
45170100
45160800
45160700
45160600
45160500
45160400
45160300
45160200
45160100
45150400
45150300
45150200
45150100
45141000
45140900
45140800
45140700
45140600
45140500
45140400
45140300
45140200
45140100
45130500
45130400
45130300
45130200
45130100
45120500
45120400
45120300
45120200
45120100
45111500
45111400
45111300
45111200
45111100
45111000
45110900
45110800
45110700
45110600
45110500
45110400
45110300
45110200
45110100
45101800
45101700
45101600
45101500
45101400
45101300
45101200
45101100
45101000
45100900
45100800
45100700
45100600
45100500
45100400
45100300
45100200
45100100
45090900
45090800
45090700
45090600
45090500
45090400
45090300
45090200
45090100
45080900
45080800
45080700
45080600
45080500
45080400
45080300
45080200
45080100
45071400
45071300
45071200
45071100
45071000
45070900
45070800
45070700
45070600
45070500
45070400
45070300
45070200
45070100
45061700
45061500
45061400
45061300
45061200
45061100
45060700
45060600
45060500
45060400
45060300
45060200
45060100
45052400
45052200
45052000
45051700
45051500
45051000
45050700
45050600
45050400
45050300
45050200
45050100
45041200
45041100
45041000
45040900
45040800
45040700
45040600
45040500
45040400
45040300
45040200
45040100
45030800
45030700
45030600
45030500
45030400
45030300
45030200
45030100
45021300
45021200
45021100
45021000
45020900
45020800
45020700
45020600
45020500
45020400
45020300
45020200
45020100
45012500
45012400
45012300
45012000
45011800
45011700
45011000
45010900
45010800
45010600
45010500
45010400
45010300
45010200
45010100
44130400
44130300
44130200
44130100
44120500
44120400
44120300
44120200
44120100
44110700
44110600
44110500
44110400
44110300
44110200
44110100
44100900
44100800
44100700
44100600
44100500
44100400
44100300
44100200
44100100
44091500
44091400
44091300
44091200
44091100
44091000
44090900
44090800
44090700
44090600
44090500
44090400
44090300
44090200
44090100
44082000
44081900
44081800
44081700
44081600
44081500
44081200
44081000
44080900
44080500
44080400
44080300
44080200
44080100
44071000
44070900
44070800
44070700
44070600
44070500
44070400
44070300
44070200
44070100
44062000
44061900
44061800
44061600
44061500
44061300
44061100
44061000
44060800
44060700
44060600
44060500
44060400
44060200
44060100
44051200
44051100
44050800
44050700
44050600
44050500
44050300
44050100
44041000
44040900
44040800
44040700
44040600
44040500
44040400
44040300
44040200
44040100
44031700
44031600
44031500
44031400
44031300
44031200
44031100
44031000
44030900
44030800
44030700
44030600
44030500
44030400
44030300
44030200
44030100
44020500
44020400
44020300
44020200
44020100
44011400
44011300
44011200
44011100
44011000
44010900
44010800
44010700
44010600
44010500
44010400
44010300
44010200
44010100
43170300
43170200
43170100
43160500
43160400
43160300
43160200
43160100
43150500
43150400
43150300
43150200
43150100
43140300
43140200
43140100
43080500
43080400
43080300
43080200
43080100
43070500
43070400
43070300
43070100
43052200
43052100
43051300
43050900
43050800
43050700
43050600
43050400
43050300
43050200
43050100
43021000
43020900
43020800
43020700
43020600
43020500
43020400
43020300
43020200
43020100
43011900
43011800
43011700
43011600
43011300
43011100
43011000
43010900
43010800
43010700
43010600
43010500
43010400
43010300
43010200
43010100
42140300
42140200
42140100
42130400
42130300
42130200
42130100
42120500
42120400
42120300
42120200
42120100
42110600
42110500
42110400
42110200
42110100
42101000
42100700
42100500
42100100
42091300
42091200
42091100
42091000
42090600
42090500
42090400
42090300
42090200
42090100
42080600
42080500
42080400
42080300
42080200
42080100
42070600
42070500
42070400
42070300
42070200
42070100
42060500
42060400
42060300
42060200
42060100
42051000
42050900
42050800
42050700
42050600
42050500
42050400
42050300
42050200
42050100
42040600
42040500
42040400
42040300
42040200
42040100
42030800
42030700
42030600
42030500
42030400
42030300
42030200
42030100
42020400
42020300
42020200
42020100
42011400
42011300
42011200
42011100
42011000
42010900
42010800
42010700
42010600
42010500
42010400
42010300
42010200
42010100
41250300
41250200
41250100
41240400
41240300
41240200
41240100
41230300
41230200
41230100
41220400
41220300
41220200
41220100
41210400
41210300
41210200
41210100
41200600
41200500
41200400
41200300
41200200
41200100
41191100
41191000
41190900
41190800
41190700
41190600
41190500
41190400
41190300
41190200
41190100
41181200
41181000
41180700
41180600
41180500
41180200
41180100
41171300
41171200
41171100
41171000
41170900
41170800
41170700
41170600
41170500
41170400
41170300
41170200
41170100
41111300
41111200
41111100
41111000
41110900
41110800
41110700
41110600
41110500
41110400
41110300
41110200
41110100
41100600
41100500
41100400
41100300
41100200
41100100
41090700
41090600
41090500
41090400
41090300
41090200
41090100
41080400
41080300
41080200
41080100
41070400
41070300
41070200
41070100
41061800
41061700
41061400
41061200
41061100
41061000
41060900
41060700
41060600
41060500
41060200
41060100
41050600
41050500
41050400
41050300
41050200
41050100
41041600
41041500
41041400
41041300
41041100
41041000
41040900
41040700
41040600
41040400
41040300
41040200
41040100
41030800
41030700
41030600
41030500
41030400
41030300
41030200
41030100
41020700
41020600
41020500
41020400
41020300
41020200
41020100
41012100
41012000
41011900
41011800
41011700
41011600
41011500
41011400
41011300
41011200
41011100
41011000
41010900
41010800
41010700
41010600
41010500
41010400
41010300
41010200
41010100
40290300
40290200
40290100
40250500
40250400
40250300
40250200
40250100
40240400
40240300
40240200
40240100
40230300
40230200
40230100
40220400
40220300
40220200
40220100
40210500
40210400
40210300
40210200
40210100
40200500
40200400
40200300
40200200
40200100
40190500
40190400
40190300
40190200
40190100
40180800
40180700
40180600
40180500
40180400
40180300
40180200
40180100
40171000
40170700
40170600
40170500
40170400
40170300
40170200
40170100
40161700
40161600
40161400
40161300
40161200
40161000
40160700
40160600
40160500
40160400
40160100
40151200
40151100
40151000
40150900
40150800
40150700
40150600
40150500
40150400
40150300
40150200
40150100
40140600
40140500
40140400
40140300
40140200
40140100
40130500
40130400
40130300
40130200
40130100
40121300
40121200
40121100
40121000
40120900
40120800
40120700
40120600
40120500
40120400
40120300
40120100
40110400
40110300
40110200
40110100
40101700
40101600
40101400
40101300
40101100
40101000
40100900
40100500
40100200
40100100
40091200
40091100
40091000
40090900
40090700
40090600
40090500
40090200
40090100
40080600
40080500
40080400
40080300
40080200
40080100
40071200
40071100
40071000
40070900
40070800
40070700
40070600
40070500
40070400
40070300
40070200
40070100
40061000
40060900
40060800
40060700
40060600
40060500
40060400
40060300
40060200
40060100
40051200
40051100
40051000
40050900
40050800
40050700
40050600
40050500
40050400
40050300
40050200
40050100
40041000
40040900
40040800
40040700
40040600
40040500
40040400
40040300
40040200
40040100
40030500
40030400
40030300
40030200
40030100
40020700
40020600
40020500
40020400
40020300
40020200
40020100
40011800
40011700
40011600
40011500
40011400
40011300
40011200
40011100
40011000
40010900
40010800
40010700
40010600
40010500
40010400
40010300
40010200
40010100
39060500
39060400
39060300
39060200
39060100
39050800
39050700
39050600
39050500
39050400
39050300
39050200
39050100
39041200
39041100
39041000
39040900
39040800
39040700
39040600
39040500
39040400
39040300
39040200
39040100
39031000
39030900
39030800
39030700
39030600
39030500
39030400
39030300
39030200
39030100
39021300
39021100
39021000
39020900
39020700
39020600
39020500
39020200
39020100
39011500
39011400
39011300
39011200
39011100
39011000
39010900
39010800
39010700
39010600
39010500
39010400
39010300
39010200
39010100
38080300
38080200
38080100
38070500
38070400
38070300
38070200
38070100
38060400
38060300
38060200
38060100
38050600
38050500
38050400
38050300
38050200
38050100
38040900
38040800
38040700
38040600
38040500
38040400
38040300
38040200
38040100
38030700
38030600
38030500
38030400
38030300
38030200
38030100
38020700
38020600
38020500
38020400
38020300
38020200
38020100
38011200
38011100
38011000
38010900
38010800
38010700
38010600
38010500
38010400
38010300
38010200
38010100
37070700
37070600
37070500
37070400
37070300
37070200
37070100
37060800
37060700
37060600
37060500
37060400
37060300
37060200
37060100
37050600
37050500
37050400
37050300
37050200
37050100
37040400
37040300
37040200
37040100
37030700
37030600
37030500
37030400
37030300
37030200
37030100
37020500
37020400
37020300
37020200
37020100
37011900
37011800
37011700
37011600
37011500
37011400
37011300
37011200
37011100
37011000
37010900
37010800
37010700
37010600
37010500
37010400
37010300
37010200
37010100
36160300
36160200
36160100
36150400
36150300
36150200
36150100
36140400
36140300
36140200
36140100
36130800
36130700
36130600
36130500
36130400
36130300
36130200
36130100
36121000
36120900
36120800
36120700
36120600
36120500
36120400
36120300
36120200
36120100
36110500
36110400
36110300
36110200
36110100
36101100
36101000
36100900
36100800
36100700
36100600
36100500
36100400
36100300
36100200
36100100
36090500
36090400
36090300
36090200
36090100
36080500
36080400
36080300
36080200
36080100
36070700
36070600
36070500
36070400
36070300
36070200
36070100
36061300
36061100
36061000
36060700
36060600
36060500
36060300
36060200
36060100
36051100
36050900
36050800
36050700
36050400
36050300
36050200
36050100
36041200
36041000
36040900
36040800
36040700
36040600
36040500
36040400
36040300
36040200
36040100
36030900
36030800
36030700
36030600
36030500
36030400
36030300
36030200
36030100
36020600
36020500
36020400
36020300
36020200
36020100
36011900
36011800
36011700
36011600
36011500
36011400
36011300
36011200
36011100
36011000
36010900
36010800
36010700
36010600
36010500
36010400
36010300
36010200
36010100
35090500
35090400
35090300
35090200
35090100
35081400
35081300
35081200
35081100
35081000
35080700
35080600
35080500
35080300
35080200
35070400
35070300
35070200
35070100
35061000
35060900
35060800
35060700
35060600
35060500
35060400
35060300
35060200
35060100
35050500
35050400
35050300
35050200
35050100
35041300
35041200
35041100
35041000
35040900
35040800
35040700
35040600
35040500
35040400
35040300
35040200
35040100
35030900
35030800
35030700
35030600
35030500
35030400
35030300
35030200
35030100
35020500
35020400
35020300
35020200
35020100
35011800
35011700
35011600
35011500
35011400
35011300
35011200
35011100
35011000
35010900
35010800
35010700
35010600
35010500
35010400
35010300
35010200
35010100
34330400
34330300
34330200
34330100
34320400
34320300
34320200
34320100
34310400
34310300
34310200
34310100
34300400
34300300
34300200
34300100
34290300
34290200
34290100
34260600
34260500
34260400
34260300
34260200
34250600
34250500
34250400
34250300
34250200
34250100
34240400
34240300
34240200
34240100
34220900
34220800
34220700
34220600
34220500
34220400
34220300
34220200
34220100
34210600
34210500
34210400
34210300
34210200
34210100
34200600
34200500
34200400
34200300
34200200
34200100
34191900
34191800
34191400
34191300
34191200
34191100
34191000
34190900
34190700
34190600
34190500
34190400
34190200
34190100
34152600
34152400
34152200
34152100
34152000
34151800
34151600
34151500
34151100
34151000
34150800
34150700
34150500
34150400
34150200
34150100
34141400
34141300
34141200
34141100
34141000
34140900
34140800
34140700
34140600
34140500
34140400
34140300
34140200
34140100
34120500
34120400
34120300
34120200
34120100
34112300
34112200
34112100
34112000
34111900
34111800
34111700
34111600
34111500
34111400
34111300
34111200
34111100
34111000
34110900
34110800
34110700
34110600
34110500
34110400
34110300
34110200
34110100
34100800
34100700
34100600
34100500
34100400
34100300
34100200
34100100
34091100
34090900
34090700
34090600
34090400
34090300
34090100
34080600
34080500
34080400
34080300
34080200
34080100
34072300
34072100
34072000
34071700
34071600
34071500
34071300
34071200
34071100
34071000
34070900
34070800
34070600
34070400
34070200
34070100
34051300
34051200
34051100
34051000
34050800
34050700
34050400
34050300
34050100
34041800
34041700
34041600
34041500
34041400
34041300
34041200
34041100
34041000
34040900
34040800
34040700
34040600
34040500
34040400
34040300
34040200
34040100
34030500
34030400
34030300
34030200
34030100
34021100
34021000
34020900
34020800
34020700
34020600
34020500
34020400
34020300
34020200
34020100
34012000
34011900
34011600
34011300
34011200
34011100
34010900
34010800
34010700
34010500
34010400
34010100
33220400
33220300
33220200
33220100
33210500
33210400
33210300
33210200
33210100
33200500
33200400
33200300
33200200
33200100
33190500
33190400
33190300
33190200
33190100
33180300
33180200
33180100
33170700
33170600
33170500
33170400
33170300
33170200
33170100
33160800
33160700
33160600
33160500
33160400
33160300
33160200
33160100
33150600
33150500
33150400
33150300
33150200
33150100
33140700
33140600
33140500
33140400
33140300
33140200
33140100
33130500
33130400
33130300
33130200
33130100
33120600
33120500
33120400
33120300
33120200
33120100
33110200
33110100
33102500
33102400
33102200
33101800
33101700
33101600
33101500
33101400
33101200
33101100
33101000
33100800
33100700
33100600
33100500
33100400
33100300
33100200
33100100
33091500
33091400
33091300
33091200
33091100
33091000
33090900
33090800
33090700
33090600
33090300
33090200
33090100
33081200
33081100
33081000
33080900
33080800
33080700
33080600
33080500
33080400
33080300
33080200
33080100
33071000
33070900
33070800
33070700
33070600
33070500
33070400
33070300
33070200
33070100
33060600
33060500
33060400
33060300
33060200
33060100
33052800
33052700
33052600
33052500
33052400
33052200
33052100
33051800
33051700
33051500
33051300
33051100
33051000
33050900
33050800
33050700
33050600
33050500
33050400
33050300
33050200
33050100
33042500
33042400
33042300
33042100
33042000
33041900
33041600
33041500
33041400
33041300
33041200
33041100
33040900
33040800
33040700
33040600
33040500
33040300
33040200
33040100
33032000
33031500
33031400
33031300
33031200
33031100
33031000
33030900
33030800
33030700
33030600
33030500
33030400
33030300
33030200
33030100
33020700
33020600
33020500
33020400
33020300
33020200
33020100
33012700
33012400
33012300
33012200
33012100
33011900
33011800
33011600
33011500
33011200
33011100
33010700
33010600
33010500
33010400
33010300
33010200
33010100
32170500
32170400
32170300
32170200
32170100
32160500
32160400
32160300
32160200
32160100
32150500
32150400
32150300
32150200
32150100
32140400
32140300
32140200
32140100
32130600
32130500
32130400
32130300
32130200
32130100
32121000
32120900
32120800
32120700
32120600
32120500
32120400
32120300
32120200
32120100
32110500
32110400
32110300
32110200
32110100
32101700
32101500
32101300
32101200
32101100
32101000
32100900
32100800
32100700
32100600
32100200
32100100
32091500
32091400
32091300
32091200
32091100
32091000
32090900
32090800
32090700
32090600
32090500
32090400
32090300
32090200
32090100
32080700
32080600
32080500
32080400
32080300
32080200
32080100
32071600
32071500
32071400
32071300
32071100
32070900
32070600
32070500
32070400
32070300
32070200
32070100
32061000
32060700
32060600
32060500
32060400
32060100
32051800
32051700
32051600
32051500
32051400
32051300
32051200
32051100
32051000
32050900
32050800
32050700
32050600
32050500
32050400
32050300
32050200
32050100
32040900
32040800
32040700
32040600
32040500
32040400
32040300
32040200
32040100
32031000
32030900
32030800
32030700
32030600
32030500
32030400
32030300
32030200
32030100
32020900
32020800
32020700
32020600
32020500
32020400
32020300
32020200
32020100
32012600
32012500
32012200
32012100
32012000
32011900
32011800
32011600
32011400
32011300
32011200
32011100
32011000
32010900
32010700
32010600
32010500
32010400
32010300
32010200
32010100
31230500
31230400
31230300
31230200
31230100
31220400
31220300
31220200
31220100
31210400
31210300
31210200
31210100
31200300
31200200
31200100
31190500
31190400
31190300
31190200
31190100
31180600
31180500
31180400
31180300
31180200
31180100
31170400
31170300
31170200
31170100
31160800
31160700
31160600
31160500
31160400
31160300
31160200
31160100
31150500
31150400
31150300
31150200
31150100
31140700
31140600
31140500
31140400
31140300
31140200
31140100
31130500
31130400
31130300
31130200
31130100
31120500
31120400
31120300
31120200
31120100
31111500
31111400
31111200
31111100
31111000
31110900
31110600
31110500
31110400
31110300
31110200
31110100
31101600
31101500
31101400
31101300
31101200
31101100
31101000
31100900
31100800
31100700
31100600
31100500
31100400
31100300
31100200
31100100
31091000
31090900
31090700
31090600
31090300
31090200
31090100
31080900
31080800
31080700
31080600
31080500
31080400
31080300
31080200
31080100
31072100
31072000
31071900
31071800
31071600
31071500
31071400
31071300
31071000
31070800
31070700
31070600
31070500
31070300
31070200
31070100
31061100
31061000
31060700
31060400
31060300
31060100
31051000
31050900
31050800
31050700
31050600
31050500
31050400
31050300
31050200
31050100
31042700
31042600
31042500
31042400
31041800
31041700
31041600
31041500
31041400
31041300
31040800
31040600
31040500
31040300
31040100
31031100
31031000
31030900
31030800
31030700
31030600
31030500
31030400
31030300
31030200
31030100
31020700
31020600
31020500
31020400
31020300
31020200
31020100
31012800
31012700
31012600
31012500
31012200
31012000
31011900
31011800
31011700
31011400
31011300
31011200
31010800
31010600
31010500
31010400
31010300
31010200
31010100
30320500
30320400
30320300
30320200
30320100
30310500
30310400
30310300
30310200
30310100
30300400
30300300
30300200
30300100
30290400
30290300
30290200
30290100
30280500
30280400
30280300
30280200
30280100
30270400
30270300
30270200
30270100
30260400
30260300
30260200
30260100
30250500
30250400
30250300
30250200
30250100
30240500
30240400
30240300
30240200
30240100
30230500
30230400
30230300
30230200
30230100
30220900
30220800
30220700
30220600
30220500
30220400
30220300
30220200
30220100
30211200
30211100
30211000
30210900
30210800
30210700
30210600
30210500
30210400
30210300
30210200
30210100
30201200
30201100
30201000
30200900
30200800
30200700
30200600
30200500
30200400
30200300
30200200
30200100
30190500
30190400
30190300
30190200
30190100
30181100
30181000
30180900
30180800
30180700
30180600
30180500
30180400
30180300
30180200
30180100
30171700
30171600
30171400
30171000
30170500
30170400
30170300
30170200
30170100
30161000
30160900
30160800
30160700
30160600
30160500
30160400
30160300
30160200
30160100
30151200
30151100
30151000
30150900
30150800
30150700
30150600
30150500
30150400
30150300
30150200
30150100
30142000
30141900
30141800
30141700
30141600
30141200
30141100
30141000
30140900
30140700
30140600
30140500
30140400
30140300
30140200
30140100
30131800
30131700
30131500
30131400
30131300
30131000
30130900
30130800
30130700
30130600
30130400
30130300
30130100
30122400
30122000
30121500
30121400
30120800
30120700
30120600
30120400
30120300
30120100
30110700
30110600
30110500
30110400
30110300
30110200
30110100
30101600
30101500
30101400
30101300
30101200
30101100
30101000
30100900
30100800
30100700
30100600
30100500
30100400
30100300
30100200
30100100
30091400
30090900
30090800
30090700
30090600
30090500
30090400
30090300
30090200
30090100
30081800
30081700
30081500
30081300
30081200
30081100
30081000
30080900
30080800
30080700
30080600
30080500
30080400
30080300
30080200
30080100
30071000
30070900
30070800
30070700
30070600
30070500
30070400
30070300
30070200
30070100
30061300
30061100
30061000
30060700
30060500
30060400
30060300
30060100
30050400
30050300
30050200
30050100
30041000
30040900
30040800
30040700
30040600
30040500
30040400
30040300
30040200
30040100
30030600
30030500
30030400
30030300
30030200
30030100
30021200
30021100
30021000
30020900
30020800
30020700
30020600
30020500
30020400
30020300
30020200
30020100
30012500
30012400
30012300
30012200
30012100
30012000
30011900
30011800
30011700
30011600
30011500
30011400
30011300
30011200
30011100
30011000
30010900
30010800
30010700
30010600
30010500
30010400
30010300
30010200
30010100
27090300
27090200
27090100
27080400
27080300
27080200
27080100
27070400
27070300
27070200
27070100
27061300
27061200
27061100
27061000
27060900
27060800
27060700
27060600
27060500
27060400
27060300
27060200
27060100
27051100
27051000
27050900
27050800
27050700
27050600
27050500
27050400
27050300
27050200
27050100
27040600
27040500
27040300
27040100
27030900
27030700
27030600
27030200
27030100
27020700
27020600
27020500
27020400
27020300
27020200
27020100
27011100
27010800
27010600
27010500
27010400
27010300
27010200
27010100
26041100
26041000
26040900
26040800
26040700
26040600
26040500
26040400
26040300
26040200
26040100
26031000
26030900
26030800
26030700
26030600
26030500
26030400
26030300
26030200
26030100
26020700
26020600
26020500
26020400
26020300
26020200
26020100
26011300
26011200
26011100
26011000
26010900
26010800
26010700
26010600
26010500
26010400
26010300
26010200
26010100
25090400
25090300
25090200
25090100
25081000
25080900
25080800
25080700
25080600
25080500
25080400
25080300
25080200
25080100
25070900
25070800
25070700
25070600
25070500
25070400
25070300
25070200
25070100
25060900
25060800
25060700
25060600
25060500
25060400
25060300
25060200
25060100
25030600
25030500
25030400
25030300
25030200
25030100
25021400
25021300
25021200
25021100
25021000
25020900
25020800
25020700
25020600
25020500
25020400
25020300
25020200
25020100
25011300
25011200
25011100
25011000
25010900
25010800
25010700
25010600
25010500
25010400
25010300
25010200
25010100
24110500
24110400
24110300
24110200
24110100
24100200
24100100
24090400
24090300
24090200
24090100
24080500
24080300
24080200
24080100
24070300
24070200
24070100
24060800
24060700
24060600
24060500
24060400
24060300
24060200
24060100
24051700
24051600
24051500
24051400
24051300
24051200
24051100
24051000
24050900
24050800
24050700
24050600
24050500
24050400
24050300
24050200
24050100
24041200
24041100
24041000
24040900
24040800
24040700
24040600
24040500
24040400
24040300
24040200
24040100
24031000
24030900
24030800
24030700
24030600
24030500
24030400
24030300
24030200
24030100
24021400
24021300
24021200
24021100
24021000
24020900
24020800
24020400
24020100
24011900
24011800
24011700
24011600
24011500
24011400
24011300
24011200
24011100
24011000
24010900
24010800
24010700
24010600
24010500
24010400
24010300
24010200
24010100
23070200
23070100
23060200
23060100
23050700
23050300
23050200
23050100
23040500
23040400
23040300
23040200
23040100
23030800
23030700
23030600
23030500
23030400
23030300
23030200
23030100
23020300
23020200
23020100
23011400
23011300
23011200
23011100
23011000
23010900
23010800
23010700
23010600
23010500
23010400
23010300
23010200
23010100
22100500
22100400
22100300
22100200
22100100
22090600
22090500
22090400
22090300
22090200
22090100
22080500
22080400
22080300
22080200
22080100
22070500
22070400
22070300
22070200
22070100
22060700
22060600
22060500
22060400
22060300
22060200
22060100
22050800
22050600
22050400
22050300
22050200
22050100
22041000
22040900
22040400
22040200
22040100
22032400
22031400
22031300
22031200
22031100
22030900
22030800
22030700
22030600
22030500
22030400
22030300
22030200
22030100
22021200
22021100
22021000
22020900
22020800
22020700
22020600
22020500
22020400
22020300
22020200
22020100
22011100
22011000
22010900
22010800
22010700
22010600
22010500
22010400
22010300
22010200
22010100
21080400
21080300
21080200
21080100
21070400
21070300
21070200
21070100
21060600
21060500
21060400
21060300
21060200
21060100
21050700
21050600
21050500
21050400
21050300
21050200
21050100
21040400
21040300
21040200
21040100
21031800
21031700
21031300
21031200
21031100
21031000
21030900
21030800
21030700
21030600
21030500
21030400
21030300
21030200
21030100
21020300
21020200
21020100
21011500
21011400
21011300
21011200
21011100
21011000
21010900
21010800
21010700
21010600
21010500
21010400
21010300
21010200
21010100
20110200
20110100
20100600
20100500
20100400
20100300
20100200
20100100
20090500
20090400
20090300
20090200
20090100
20080100
20070800
20070700
20070600
20070500
20070400
20070300
20070200
20070100
20062200
20062100
20062000
20061800
20061700
20061600
20061500
20061400
20061300
20061100
20061000
20060900
20060800
20060700
20060600
20060500
20060400
20060300
20060200
20060100
20051100
20051000
20050900
20050800
20050700
20050600
20050500
20050400
20050300
20050200
20050100
20040800
20040700
20040600
20040500
20040400
20040300
20040200
20040100
20030500
20030400
20030300
20030200
20030100
20020800
20020700
20020600
20020500
20020400
20020300
20020200
20020100
20011800
20011700
20011600
20011500
20011400
20011300
20011200
20011100
20011000
20010900
20010800
20010700
20010600
20010500
20010400
20010300
20010200
20010100
19130600
19130500
19130400
19130300
19130200
19130100
19120300
19120200
19120100
19110900
19110700
19110500
19110400
19110200
19110100
19101200
19101100
19101000
19100900
19100800
19100700
19100600
19100500
19100400
19100300
19100200
19100100
19090900
19090800
19090700
19090600
19090500
19090400
19090300
19090200
19090100
19080400
19080300
19080200
19080100
19070400
19070300
19070200
19070100
19060900
19060800
19060700
19060600
19060500
19060400
19060300
19060200
19060100
19050900
19050800
19050700
19050600
19050500
19050400
19050300
19050200
19050100
19040600
19040500
19040400
19040300
19040200
19040100
19031800
19031700
19031600
19031500
19031400
19031300
19031200
19031100
19031000
19030900
19030800
19030700
19030600
19030500
19030400
19030300
19030200
19030100
19021500
19021300
19021200
19021100
19021000
19020900
19020800
19020700
19020600
19020500
19020400
19020300
19020200
19020100
19011400
19011300
19011200
19011100
19011000
19010900
19010800
19010700
19010600
19010500
19010100
18080300
18080200
18080100
18070400
18070300
18070200
18070100
18061100
18060900
18060800
18060700
18060600
18060500
18060200
18060100
18050800
18050700
18050600
18050500
18050400
18050300
18050200
18050100
18040700
18040600
18040500
18040400
18040300
18040200
18040100
18031100
18030700
18030600
18030400
18030300
18030200
18030100
18020700
18020600
18020500
18020400
18020300
18020200
18020100
18010900
18010800
18010700
18010600
18010500
18010400
18010300
18010200
18010100
17061000
17060900
17060800
17060700
17060600
17060500
17060400
17060300
17060200
17060100
17050400
17050300
17050200
17050100
17040700
17040600
17040500
17040400
17040300
17040200
17040100
17030600
17030500
17030400
17030300
17030200
17030100
17020800
17020700
17020600
17020500
17020400
17020300
17020200
17020100
17010800
17010700
17010600
17010500
17010400
17010300
17010200
17010100
16110600
16110500
16110400
16110300
16110200
16110100
16100600
16100500
16100400
16100300
16100200
16100100
16090500
16090400
16090300
16090200
16090100
16080500
16080400
16080300
16080200
16080100
16070600
16070500
16070400
16070300
16070200
16070100
16062200
16062100
16062000
16061900
16061800
16061700
16061600
16061500
16061400
16061300
16061200
16061100
16061000
16060900
16060800
16060700
16060600
16060500
16060400
16060300
16060200
16060100
16051100
16051000
16050900
16050800
16050700
16050600
16050500
16050400
16050300
16050200
16050100
16042200
16041900
16041800
16041700
16041400
16041200
16041100
16041000
16040900
16040800
16040700
16040600
16040500
16040400
16040300
16040200
16040100
16032200
16032000
16031800
16031000
16030900
16030800
16030700
16030600
16030500
16030400
16030300
16030200
16030100
16020900
16020800
16020700
16020600
16020500
16020400
16020300
16020200
16020100
16012500
16012400
16012300
16012200
16012100
16012000
16011900
16011800
16011700
16011600
16011500
16011400
16011200
16011100
16011000
16010900
16010800
16010700
16010600
16010500
16010400
16010300
16010200
16010100
15070500
15070400
15070300
15070200
15070100
15061500
15061400
15061300
15061200
15061100
15061000
15060900
15060800
15060700
15060600
15060500
15060400
15060300
15060200
15060100
15050700
15050600
15050500
15050400
15050300
15050200
15050100
15041500
15041400
15041300
15041200
15041100
15041000
15040900
15040800
15040700
15040600
15040500
15040400
15040300
15040200
15040100
15030800
15030700
15030600
15030500
15030400
15030300
15030200
15030100
15020900
15020800
15020700
15020600
15020500
15020400
15020300
15020200
15020100
15011400
15011300
15011200
15011100
15011000
15010900
15010800
15010700
15010600
15010500
15010400
15010300
15010200
15010100
14160500
14160400
14160300
14160200
14160100
14151200
14151100
14151000
14150900
14150800
14150700
14150600
14150500
14150400
14150300
14150200
14150100
14141100
14141000
14140900
14140800
14140700
14140600
14140500
14140400
14140300
14140200
14140100
14130600
14130500
14130400
14130300
14130200
14130100
14121700
14121600
14121500
14121400
14121300
14121200
14121100
14121000
14120900
14120800
14120700
14120600
14120500
14120400
14120300
14120200
14120100
14111000
14110900
14110800
14110700
14110600
14110500
14110400
14110300
14110200
14110100
14100700
14100600
14100500
14100400
14100300
14100200
14100100
14090800
14090700
14090600
14090500
14090400
14090300
14090200
14090100
14081600
14081500
14081400
14081300
14081200
14081100
14081000
14080900
14080800
14080700
14080600
14080500
14080400
14080300
14080200
14080100
14071700
14071600
14071500
14071400
14071300
14071200
14071100
14071000
14070900
14070800
14070700
14070600
14070500
14070400
14070300
14070200
14070100
14061800
14061700
14061600
14061500
14061400
14061300
14061200
14061100
14061000
14060900
14060800
14060700
14060600
14060500
14060400
14060300
14060200
14060100
14051600
14051500
14051400
14051300
14051200
14051100
14051000
14050900
14050800
14050700
14050600
14050500
14050400
14050300
14050200
14050100
14042300
14042200
14042100
14042000
14041900
14041800
14041700
14041600
14041500
14041400
14041300
14041200
14041100
14041000
14040900
14040800
14040700
14040600
14040500
14040400
14040300
14040200
14040100
14031200
14031100
14031000
14030900
14030800
14030700
14030600
14030500
14030400
14030300
14030200
14030100
14021000
14020900
14020800
14020700
14020600
14020500
14020400
14020300
14020200
14020100
14012100
14012000
14011900
14011800
14011700
14011600
14011500
14011400
14011300
14011200
14011100
14011000
14010900
14010800
14010700
14010600
14010500
14010400
14010300
14010200
14010100
13071100
13071000
13070900
13070800
13070700
13070600
13070500
13070400
13070300
13070200
13070100
13060800
13060700
13060600
13060500
13060400
13060300
13060200
13060100
13050700
13050600
13050500
13050400
13050300
13050200
13050100
13040700
13040600
13040500
13040400
13040300
13040200
13040100
13030600
13030500
13030400
13030300
13030200
13030100
13020700
13020600
13020500
13020400
13020300
13020200
13020100
13011400
13011300
13011200
13011100
13011000
13010900
13010800
13010700
13010600
13010500
13010400
13010300
13010200
13010100
12061200
12061100
12061000
12060900
12060800
12060700
12060600
12060500
12060400
12060300
12060200
12060100
12050700
12050600
12050500
12050400
12050300
12050200
12050100
12040800
12040700
12040600
12040500
12040400
12040300
12040200
12040100
12030600
12030500
12030400
12030300
12030200
12030100
12020900
12020800
12020700
12020600
12020500
12020400
12020300
12020200
12020100
12011000
12010900
12010800
12010700
12010600
12010500
12010400
12010300
12010200
12010100
11060300
11060200
11060100
11050500
11050400
11050300
11050200
11050100
11041500
11041400
11041300
11041200
11041100
11041000
11040900
11040800
11040700
11040600
11040500
11040400
11040300
11040200
11040100
11030900
11030800
11030400
11030300
11030200
11030100
11020800
11020700
11020600
11020500
11020400
11020300
11020200
11020100
11011700
11011600
11011500
11011400
11011300
11011200
11011100
11011000
11010800
11010400
11010300
11010200
11010100
10500500
10500400
10500300
10500200
10500100
10490200
10490100
10480200
10480100
10470100
10460500
10460400
10460300
10460200
10460100
10450400
10450300
10450100
10440100
10430200
10430100
10420300
10420200
10420100
10410200
10410100
10400400
10400300
10400200
10400100
10390300
10390200
10390100
10380200
10380100
10370400
10370300
10370200
10370100
10360500
10360400
10360200
10350400
10350300
10350200
10350100
10340100
10330300
10330200
10330100
10320300
10320200
10320100
10310300
10310200
10310100
10300500
10300400
10300300
10300200
10300100
10290200
10290100
10280300
10280200
10280100
10270500
10270400
10270100
10260100
10250400
10250300
10250200
10250100
10240200
10240100
10230300
10230200
10221000
10220900
10220800
10220700
10220600
10220200
10220100
10210700
10210500
10200900
10200700
10200600
10200500
10200400
10190700
10190500
10190400
10190300
10190200
10190100
10180400
10180300
10180200
10180100
10170400
10170200
10170100
10160200
10160100
10150700
10150600
10150500
10150400
10150300
10150200
10150100
10140100
10130300
10130200
10130100
10120400
10120300
10110600
10110500
10110400
10110300
10110200
10110100
10100200
10100100
10090500
10080500
10080400
10080300
10080200
10070400
10070300
10070200
10070100
10060800
10060100
10050800
10050200
10040500
10040400
10040200
10040100
10030800
10030700
10030600
10030500
10030400
10030300
10030200
10030100
10020600
10020400
10020300
10020200
10020100
10011200
10011100
10011000
10010900
10010700
10010600
10010500
10010400
10010300
10010100
